local TweenService = game:GetService("TweenService")
local LocalPlayer = game.Players.LocalPlayer
local Character = LocalPlayer.Character
local Humanoid = Character.Humanoid
local HumanoidRootPart = Character.HumanoidRootPart
local Name = LocalPlayer.Name
local CT = require(LocalPlayer.PlayerScripts.PlayerModule):GetControls()
local VirtualUser = game:GetService('VirtualInputManager')
local CoreGui = game:GetService("CoreGui")

if game.PlaceId == 13358463560 then
    local Notification = loadstring(game:HttpGet("https://raw.githubusercontent.com/Jxereas/UI-Libraries/main/notification_gui_library.lua", true))()
    local load = Notification.new("success", "Notification", "Loader Success.", true, 3)
    -- wait(.5)
    -- load:changeBody("Loader Success..")
    -- wait(.5)
    -- load:changeBody("Loader Success...")
    -- wait(.5)
    -- load:changeBody("Loader Success.")
    -- wait(.5)
    -- load:changeBody("Loader Success..")
    -- wait(.5)
    -- load:changeBody("Loader Success...")
    -- wait(.5)
    if game:GetService("CoreGui"):FindFirstChild("RH_Menu") or game:GetService("CoreGui"):FindFirstChild("RH_Toggle") then
        Fluent:ToggleAcrylic(false)
        Fluent:ToggleTransparency(false)
        game:GetService("CoreGui"):FindFirstChild("RH_Menu"):Destroy()
        game:GetService("CoreGui"):FindFirstChild("RH_Toggle"):Destroy()
    end
    local Fluent = loadstring(game:HttpGet("https://raw.githubusercontent.com/ZenzeiNo1/RainHub/refs/heads/main/Fluent-Rain-Hub.lua"))()
    local SaveManager = loadstring(game:HttpGet("https://raw.githubusercontent.com/dawid-scripts/Fluent/master/Addons/SaveManager.lua"))()
    local InterfaceManager = loadstring(game:HttpGet("https://raw.githubusercontent.com/dawid-scripts/Fluent/master/Addons/InterfaceManager.lua"))()

    local Window = Fluent:CreateWindow({
        Title = "Rain Hub 3.0.0 ",
        SubTitle = "by star.nice",
        TabWidth = 160,
        Size = UDim2.fromOffset(580, 460),
        Acrylic = true,
        Theme = "Midnight",
        MinimizeKey = Enum.KeyCode.RightControl
    })

    local Tabs = {
        Main = Window:AddTab({ Title = "Main", Icon = "cloud" }),
        Teleport = Window:AddTab({ Title = "Teleport", Icon = "box" }),
        Misc = Window:AddTab({ Title = "Misc", Icon = "book" }),
        Cr = Window:AddTab({ Title = "Credit", Icon = "file-box" }),
        Settings = Window:AddTab({ Title = "Settings", Icon = "settings" })
    }

    local AutoFarmTG = Tabs.Main:AddSection("AutoFarm Toggle")
    local AutoFarmBT = Tabs.Main:AddSection("AutoFarm Button")
    local AutoFarmAntiTG = Tabs.Main:AddSection("AutoFarm Toggle Anti TP")
    local AutoFarmAntiBT = Tabs.Main:AddSection("AutoFarm Button Anti TP")
    local TP = Tabs.Teleport:AddSection("TP")
    local TPNPC = Tabs.Teleport:AddSection("TPNpc/Trainer")
    local TPNPCAnti = Tabs.Teleport:AddSection("TPNpc - Use Bypass Anti Tp")
    local Addon = Tabs.Misc:AddSection("Addon")
    local Bypass = Tabs.Misc:AddSection("Bypass")
    local Credit = Tabs.Cr:AddSection("Credit")

    local Options = Fluent.Options

    equipitem = function(v)
        if LocalPlayer.Backpack:FindFirstChild(v) then
            local Eq = LocalPlayer.Backpack:FindFirstChild(v)
            Character.Humanoid:EquipTool(Eq)
        end
    end

    do
        ----- Main -----
        local Toggle = AutoFarmTG:AddToggle("Auto Clean", 
        {
            Title = "Auto Clean", 
            Description = "Fully Auto",
            Default = false,
            Callback = function(v)
            _G.Clean = v
            while _G.Clean do wait(1)
                pcall(function()
                    if LocalPlayer.PlayerGui.Main.LabelJob.Text == "" then
                        Notification.new("info", "Notification", "Get Job...", true, 3)
                        local args = {
                        [1] = "Job"
                        }
                        game:GetService("ReplicatedStorage").Events.EventCore:FireServer(unpack(args))
                        wait(2)
                        local args = {
                        [1] = "Job"
                        }
                        game:GetService("ReplicatedStorage").Events.EventCore:FireServer(unpack(args))
                    end

                    if LocalPlayer.PlayerGui.Main.LabelJob.Text == "Clean the floors!" then
                        local success = Notification.new("success", "Notification", "Success!!!", true, 3)
                        CT:Disable()
                        local Tw1 = TweenService:Create(HumanoidRootPart, TweenInfo.new(10, Enum.EasingStyle.Linear, Enum.EasingDirection.InOut, 0, false, 0), {CFrame = CFrame.new(-1715.58521, 4.12662554, -1586.85852, -0.0413668677, -3.96679596e-08, -0.999144018, -5.47444436e-08, 1, -3.74353988e-08, 0.999144018, 5.31489981e-08, -0.0413668677)})
                        local Tw2 = TweenService:Create(HumanoidRootPart, TweenInfo.new(0.5, Enum.EasingStyle.Linear, Enum.EasingDirection.InOut, 0, false, 0), {CFrame = CFrame.new(-1720.72473, 4.12662458, -1593.4071, -0.100228146, -1.78955464e-08, -0.99496448, 7.48486926e-08, 1, -2.55260293e-08, 0.99496448, -7.70302151e-08, -0.100228146)})
                        local Tw3 = TweenService:Create(HumanoidRootPart, TweenInfo.new(1, Enum.EasingStyle.Linear, Enum.EasingDirection.InOut, 0, false, 0), {CFrame = CFrame.new(-1716.89111, 4.12662745, -1608.74658, -0.00232439279, -3.48897018e-08, -0.999997318, 9.10893121e-08, 1, -3.51015252e-08, 0.999997318, -9.1170655e-08, -0.00232439279)})
                        local Tw4 = TweenService:Create(HumanoidRootPart, TweenInfo.new(1, Enum.EasingStyle.Linear, Enum.EasingDirection.InOut, 0, false, 0), {CFrame = CFrame.new(-1731.56824, 4.12662172, -1624.4646, -0.27096352, -7.4981358e-08, -0.962589622, -5.64646747e-08, 1, -6.20009715e-08, 0.962589622, 3.75523115e-08, -0.27096352)})
                        local Tw5 = TweenService:Create(HumanoidRootPart, TweenInfo.new(1, Enum.EasingStyle.Linear, Enum.EasingDirection.InOut, 0, false, 0), {CFrame = CFrame.new(-1742.65161, 4.12662888, -1604.37207, -0.00857968535, -9.46922629e-09, -0.999963164, -5.14645837e-09, 1, -9.42541778e-09, 0.999963164, 5.06540188e-09, -0.00857968535)})
                        local Tw6 = TweenService:Create(HumanoidRootPart, TweenInfo.new(1, Enum.EasingStyle.Linear, Enum.EasingDirection.InOut, 0, false, 0), {CFrame = CFrame.new(-1762.04443, 4.12663412, -1595.16418, -0.129098654, 5.65224241e-08, -0.991631746, 4.83307403e-08, 1, 5.0707321e-08, 0.991631746, -4.13800514e-08, -0.129098654)})
                        local Tw7 = TweenService:Create(HumanoidRootPart, TweenInfo.new(0.5, Enum.EasingStyle.Linear, Enum.EasingDirection.InOut, 0, false, 0), {CFrame = CFrame.new(-1758.63147, 4.12663412, -1576.76929, -0.0565072373, -1.52712865e-08, -0.998402178, 1.1656681e-08, 1, -1.59554663e-08, 0.998402178, -1.25396546e-08, -0.0565072373)})
                        local Tw8 = TweenService:Create(HumanoidRootPart, TweenInfo.new(0.5, Enum.EasingStyle.Linear, Enum.EasingDirection.InOut, 0, false, 0), {CFrame = CFrame.new(-1739.92322, 4.12663078, -1585.7323, 0.211679071, -2.5104832e-08, -0.977339208, 5.50662307e-08, 1, -1.37602827e-08, 0.977339208, -5.09056228e-08, 0.211679071)})
                        local Tw9 = TweenService:Create(HumanoidRootPart, TweenInfo.new(1, Enum.EasingStyle.Linear, Enum.EasingDirection.InOut, 0, false, 0), {CFrame = CFrame.new(-1727.11743, 4.12663126, -1576.79944, -0.0586111471, -6.83849777e-08, -0.998280883, -7.12253723e-08, 1, -6.43209503e-08, 0.998280883, 6.73330049e-08, -0.0586111471)})
                        Tw1:Play()
                        wait(10)
                        fireclickdetector(game.Workspace.MapMisc.Jobs.CleaningParts:FindFirstChild(Name)["2"].ClickDetector)
                        wait(4)
                        Tw2:Play()
                        wait(1)
                        fireclickdetector(game.Workspace.MapMisc.Jobs.CleaningParts:FindFirstChild(Name)["9"].ClickDetector)
                        wait(5)
                        Tw3:Play()
                        wait(1.5)
                        fireclickdetector(game.Workspace.MapMisc.Jobs.CleaningParts:FindFirstChild(Name)["3"].ClickDetector)
                        wait(5)
                        Tw4:Play()
                        wait(1.5)
                        fireclickdetector(game.Workspace.MapMisc.Jobs.CleaningParts:FindFirstChild(Name)["5"].ClickDetector)
                        wait(5)
                        Tw5:Play()
                        wait(1.5)
                        fireclickdetector(game.Workspace.MapMisc.Jobs.CleaningParts:FindFirstChild(Name)["4"].ClickDetector)
                        wait(5)
                        Tw6:Play()
                        wait(1.5)
                        fireclickdetector(game.Workspace.MapMisc.Jobs.CleaningParts:FindFirstChild(Name)["1"].ClickDetector)
                        wait(5)
                        Tw7:Play()
                        wait(1)
                        fireclickdetector(game.Workspace.MapMisc.Jobs.CleaningParts:FindFirstChild(Name)["7"].ClickDetector)
                        wait(5)
                        Tw8:Play()
                        wait(1.5)
                        fireclickdetector(game.Workspace.MapMisc.Jobs.CleaningParts:FindFirstChild(Name)["8"].ClickDetector)
                        wait(5)
                        Tw9:Play()
                        wait(1.5)
                        fireclickdetector(game.Workspace.MapMisc.Jobs.CleaningParts:FindFirstChild(Name)["6"].ClickDetector)
                        wait(7)
                        CT:Enable()
                    else
                        local args = {
                        [1] = "Job"
                        }
                        game:GetService("ReplicatedStorage").Events.EventCore:FireServer(unpack(args))
                        wait(2)
                        local Cancel = Notification.new("error", "Notification", "Cancel😭", true,3)
                        local args1 = {
                            [1] = "CancelJob"
                        }
                        game:GetService("ReplicatedStorage").Events.EventCore:FireServer(unpack(args1))
                    end
                end)
            end
        end 
        })

        local Toggle = AutoFarmTG:AddToggle("Auto Delivery", 
        {
            Title = "Auto Delivery", 
            Description = "Fully Auto",
            Default = false,
            Callback = function(v)
            _G.Delivery = v
            while _G.Delivery do wait(1)
                pcall(function()
                    if game:GetService("Players").LocalPlayer.PlayerGui.Main.LabelJob.Text == "" then
                        Notification.new("info", "Notification", "Get Job...", true, 3)
                        local args = {
                        [1] = "Job"
                        }
                        game:GetService("ReplicatedStorage").Events.EventCore:FireServer(unpack(args))
                        wait(2)
                        local args = {
                        [1] = "Job"
                        }
                        game:GetService("ReplicatedStorage").Events.EventCore:FireServer(unpack(args))
                    end
            
                    if game:GetService("Players").LocalPlayer.PlayerGui.Main.LabelJob.Text == "Deliver the crate!" then 
                        Notification.new("success", "Notification", "Success!!!", true, 3)
                        CT:Disable()
                        local Tw1 = TweenService:Create(HumanoidRootPart, TweenInfo.new(15, Enum.EasingStyle.Linear, Enum.EasingDirection.InOut, 0, false, 0), {CFrame = CFrame.new(-1709.2572, 4.05218554, -1573.61023, -0.801387548, 5.05635356e-08, -0.598145485, 2.53255372e-08, 1, 5.06030169e-08, 0.598145485, 2.54042707e-08, -0.801387548)})
                        local Tw2 = TweenService:Create(HumanoidRootPart, TweenInfo.new(7.5, Enum.EasingStyle.Linear, Enum.EasingDirection.InOut, 0, false, 0), {CFrame = CFrame.new(-1428.85095, 3.99999905, -1414.49316, 0.0230026804, -7.12068058e-08, 0.999735415, 1.95005989e-09, 1, 7.11807786e-08, -0.999735415, 3.1219527e-10, 0.0230026804)})
                        local Tw3 = TweenService:Create(HumanoidRootPart, TweenInfo.new(3, Enum.EasingStyle.Linear, Enum.EasingDirection.InOut, 0, false, 0), {CFrame = CFrame.new(-1266.38818, 4, -1490.72571, 0.956693292, -6.76176839e-08, -0.29109785, 4.36354561e-08, 1, -8.88771012e-08, 0.29109785, 7.2325939e-08, 0.956693292)})
                        local Tw4 = TweenService:Create(HumanoidRootPart, TweenInfo.new(15, Enum.EasingStyle.Linear, Enum.EasingDirection.InOut, 0, false, 0), {CFrame = CFrame.new(-1956.29285, 4.05000067, -1648.20532, 0.0304275695, -1.08180709e-09, 0.999536991, 9.74812586e-09, 1, 7.85559062e-10, -0.999536991, 9.71970948e-09, 0.0304275695)})
                        Tw1:Play()
                        wait(17)
                        Tw2:Play()
                        wait(9)
                        Tw3:Play()
                        wait(5)
                        Tw4:Play()
                        wait(17)
                        CT:Enable()
                    else
                        local args = {
                        [1] = "Job"
                        }
                        game:GetService("ReplicatedStorage").Events.EventCore:FireServer(unpack(args))
            
                        wait(2)
            
                        Notification.new("error", "Notification", "Cancel😭", true, 3)
                        local args1 = {
                            [1] = "CancelJob"
                        }
                        game:GetService("ReplicatedStorage").Events.EventCore:FireServer(unpack(args1))
                    end
                end)
            end
        end
        })

        local Toggle = AutoFarmTG:AddToggle("Auto Run", 
        {
            Title = "Auto Run", 
            Description = "Not Fully Auto",
            Default = false,
            Callback = function(v)
            _G.Run = v

            while _G.Run do wait(1)
                CT:Disable()
                local Tw1 = TweenService:Create(HumanoidRootPart, TweenInfo.new(7, Enum.EasingStyle.Linear, Enum.EasingDirection.InOut, 0, false, 0), {CFrame = game.Workspace.Roadworks.GYM:FindFirstChild(1).CFrame})
                local Tw2 = TweenService:Create(HumanoidRootPart, TweenInfo.new(5, Enum.EasingStyle.Linear, Enum.EasingDirection.InOut, 0, false, 0), {CFrame = game.Workspace.Roadworks.GYM:FindFirstChild(2).CFrame})
                local Tw3 = TweenService:Create(HumanoidRootPart, TweenInfo.new(3, Enum.EasingStyle.Linear, Enum.EasingDirection.InOut, 0, false, 0), {CFrame = game.Workspace.Roadworks.GYM:FindFirstChild(3).CFrame})
                local Tw4 = TweenService:Create(HumanoidRootPart, TweenInfo.new(7, Enum.EasingStyle.Linear, Enum.EasingDirection.InOut, 0, false, 0), {CFrame = game.Workspace.Roadworks.GYM:FindFirstChild(4).CFrame})
                local Tw5 = TweenService:Create(HumanoidRootPart, TweenInfo.new(4, Enum.EasingStyle.Linear, Enum.EasingDirection.InOut, 0, false, 0), {CFrame = game.Workspace.Roadworks.GYM:FindFirstChild(5).CFrame})
                local Tw6 = TweenService:Create(HumanoidRootPart, TweenInfo.new(5, Enum.EasingStyle.Linear, Enum.EasingDirection.InOut, 0, false, 0), {CFrame = game.Workspace.Roadworks.GYM:FindFirstChild(6).CFrame})
                local Tw7 = TweenService:Create(HumanoidRootPart, TweenInfo.new(3, Enum.EasingStyle.Linear, Enum.EasingDirection.InOut, 0, false, 0), {CFrame = game.Workspace.Roadworks.GYM:FindFirstChild(7).CFrame})
                local Tw8 = TweenService:Create(HumanoidRootPart, TweenInfo.new(5, Enum.EasingStyle.Linear, Enum.EasingDirection.InOut, 0, false, 0), {CFrame = game.Workspace.Roadworks.GYM:FindFirstChild(8).CFrame})
                local Tw9 = TweenService:Create(HumanoidRootPart, TweenInfo.new(5, Enum.EasingStyle.Linear, Enum.EasingDirection.InOut, 0, false, 0), {CFrame = game.Workspace.Roadworks.GYM:FindFirstChild(9).CFrame})
                local Tw10 = TweenService:Create(HumanoidRootPart, TweenInfo.new(3, Enum.EasingStyle.Linear, Enum.EasingDirection.InOut, 0, false, 0), {CFrame = game.Workspace.Roadworks.GYM:FindFirstChild(10).CFrame})
                local TwBuy = TweenService:Create(HumanoidRootPart, TweenInfo.new(10, Enum.EasingStyle.Linear, Enum.EasingDirection.InOut, 0, false, 0), {CFrame = CFrame.new(-2057.35474, 8.37499809, -1643.64722, -0.000155350775, 6.22260359e-08, 1, 6.39641016e-08, 1, -6.22161025e-08, -1, 6.39544382e-08, -0.000155350775)})
                TwBuy:Play()
                wait(10)
                for i,v in pairs(game.Workspace.MapMisc.Purchases.GYM:GetChildren()) do
                    if v.Name == "Roadwork Training" then
                        fireclickdetector(v.ClickDetector)
                    end
                end
                equipitem("Roadwork Training")
                VirtualUser:Button1Down(Vector2.new(981, 488))
                Tw1:Play()
                wait(7)
                Tw2:Play()
                wait(5)
                Tw3:Play()
                wait(4)
                Tw4:Play()
                wait(7)
                Tw5:Play()
                wait(4)
                Tw6:Play()
                wait(3)
                Tw7:Play()
                wait(3)
                Tw8:Play()
                wait(5)
                Tw9:Play()
                wait(5)
                Tw10:Play()
                wait(5)
                CT:Enable()
            end
        end
        })

        local Toggle = AutoFarmTG:AddToggle("Auto Run In Senkaimon", 
        {
            Title = "Auto Run In Senkaimon", 
            Description = "Not Fully Auto",
            Default = false,
            Callback = function(v)
            _G.AutoSenkaimon = v
            while _G.AutoSenkaimon do wait(1)
                local TwBuy = TweenService:Create(HumanoidRootPart, TweenInfo.new(3, Enum.EasingStyle.Linear, Enum.EasingDirection.InOut, 0, false, 0), {CFrame = CFrame.new(4796.24902, -414.92511, 2849.2915, 0.999910474, -2.46492675e-08, 0.0133817066, 2.48082461e-08, 1, -1.17143095e-08, -0.0133817066, 1.20452377e-08, 0.999910474)})
                local Tw2 = TweenService:Create(HumanoidRootPart, TweenInfo.new(3, Enum.EasingStyle.Linear, Enum.EasingDirection.InOut, 0, false, 0), {CFrame = game.Workspace.Roadworks.Senkaimon:FindFirstChild(1).CFrame})
                local Tw3 = TweenService:Create(HumanoidRootPart, TweenInfo.new(3, Enum.EasingStyle.Linear, Enum.EasingDirection.InOut, 0, false, 0), {CFrame = game.Workspace.Roadworks.Senkaimon:FindFirstChild(2).CFrame})
                local Tw4 = TweenService:Create(HumanoidRootPart, TweenInfo.new(3, Enum.EasingStyle.Linear, Enum.EasingDirection.InOut, 0, false, 0), {CFrame = game.Workspace.Roadworks.Senkaimon:FindFirstChild(3).CFrame})
                local Tw5 = TweenService:Create(HumanoidRootPart, TweenInfo.new(3, Enum.EasingStyle.Linear, Enum.EasingDirection.InOut, 0, false, 0), {CFrame = game.Workspace.Roadworks.Senkaimon:FindFirstChild(4).CFrame})
                local Tw6 = TweenService:Create(HumanoidRootPart, TweenInfo.new(3, Enum.EasingStyle.Linear, Enum.EasingDirection.InOut, 0, false, 0), {CFrame = game.Workspace.Roadworks.Senkaimon:FindFirstChild(5).CFrame})
                local Tw7 = TweenService:Create(HumanoidRootPart, TweenInfo.new(3, Enum.EasingStyle.Linear, Enum.EasingDirection.InOut, 0, false, 0), {CFrame = game.Workspace.Roadworks.Senkaimon:FindFirstChild(6).CFrame})
                local Tw8 = TweenService:Create(HumanoidRootPart, TweenInfo.new(3, Enum.EasingStyle.Linear, Enum.EasingDirection.InOut, 0, false, 0), {CFrame = game.Workspace.Roadworks.Senkaimon:FindFirstChild(7).CFrame})
                local Tw9 = TweenService:Create(HumanoidRootPart, TweenInfo.new(3, Enum.EasingStyle.Linear, Enum.EasingDirection.InOut, 0, false, 0), {CFrame = game.Workspace.Roadworks.Senkaimon:FindFirstChild(8).CFrame})
                local Tw10 = TweenService:Create(HumanoidRootPart, TweenInfo.new(3, Enum.EasingStyle.Linear, Enum.EasingDirection.InOut, 0, false, 0), {CFrame = game.Workspace.Roadworks.Senkaimon:FindFirstChild(9).CFrame})
                TwBuy:Play()
                wait(3)
                for i,v in pairs(game.Workspace.MapMisc.Purchases.GYM:GetChildren()) do
                    if v.Name == "Roadwork Training" then
                        fireclickdetector(v.ClickDetector)
                    end
                end
                equipitem("Roadwork Training")
                VirtualUser:Button1Down(Vector2.new(981, 488))
                wait(5)
                Tw1:Play()
                wait(3)
                Tw2:Play()
                wait(4)
                Tw3:Play()
                wait(4)
                Tw4:Play()
                wait(4)
                Tw5:Play()
                wait(4)
                Tw6:Play()
                wait(4)
                Tw7:Play()
                wait(4)
                Tw8:Play()
                wait(4)
                Tw9:Play()
                wait(4)
                Tw1:Play()
                Notification.new("success", "Notification", "Success!!!", true , 3)
            end
        end
        })

        local Toggle = AutoFarmTG:AddToggle("Auto Strike Power", 
        {
            Title = "Auto Strike Power", 
            Description = "Fully Auto",
            Default = false,
            Callback = function(v)
            _G.StrikePower = v
            while _G.StrikePower do wait(1)
                _G.StrikePowerAt = nil
                if _G.StrikePower then
                    _G.StrikePowerAt = true
                end
                while _G.StrikePower do wait(30)    
                    _G.StrikePowerAt = not _G.StrikePowerAt
                end
                local Tw1 = TweenService:Create(HumanoidRootPart, TweenInfo.new(15, Enum.EasingStyle.Linear, Enum.EasingDirection.InOut, 0, false, 0), {CFrame = CFrame.new(-2056.43018, 8.375, -1646.74341, -0.0556021817, -9.18125167e-08, 0.998453021, -4.03500344e-08, 1, 8.97077399e-08, -0.998453021, -3.52996672e-08, -0.0556021817)})
                local Tw2 = TweenService:Create(HumanoidRootPart, TweenInfo.new(5, Enum.EasingStyle.Linear, Enum.EasingDirection.InOut, 0, false, 0), {CFrame = CFrame.new(-1994.89807, 6, -1664.18738, -0.00257649482, 9.15209922e-11, 0.999996662, -4.33683667e-08, 1, -2.03260048e-10, -0.999996662, -4.33687468e-08, -0.00257649482)})
                Tw1:Play()
                wait(15)
                for i,v in pairs(workspace.MapMisc.Purchases.GYM:GetChildren()) do
                    if v.Name == "Strike Power Training" then
                        fireclickdetector(v.ClickDetector)
                        fireclickdetector(v.ClickDetector)
                        fireclickdetector(v.ClickDetector)
                    end
                end
                wait(5)
                Tw2:Play()
                wait(5)
                equipitem("Strike Power Training")
                VirtualUser:Button1Down(Vector2.new(981, 488))
                equipitem("Combat")
                while _G.StrikePowerAt do wait(0)
                    VirtualUser:Button1Down(Vector2.new(981, 488))
                end
            end
        end
        })

        AutoFarmBT:AddButton({
            Title = "Auto Clean",
            Description = "Fully Auto",
            Callback = function()
                _G.BClean = true
                while _G.BClean do wait(1)
                    pcall(function()
                        if game:GetService("Players").LocalPlayer.PlayerGui.Main.LabelJob.Text == "" then
                            Notification.new("info", "Notification", "Get Job...", true , 3)
                            local args = {
                            [1] = "Job"
                            }
                            game:GetService("ReplicatedStorage").Events.EventCore:FireServer(unpack(args))
                            wait(2)
                            local args = {
                            [1] = "Job"
                            }
                            game:GetService("ReplicatedStorage").Events.EventCore:FireServer(unpack(args))
                        end

                        if game:GetService("Players").LocalPlayer.PlayerGui.Main.LabelJob.Text == "Clean the floors!" then
                            Notification.new("success", "Notification", "Success!!!", true, 3)
                            CT:Disable()
                            local Tw1 = TweenService:Create(HumanoidRootPart, TweenInfo.new(10, Enum.EasingStyle.Linear, Enum.EasingDirection.InOut, 0, false, 0), {CFrame = CFrame.new(-1715.58521, 4.12662554, -1586.85852, -0.0413668677, -3.96679596e-08, -0.999144018, -5.47444436e-08, 1, -3.74353988e-08, 0.999144018, 5.31489981e-08, -0.0413668677)})
                            local Tw2 = TweenService:Create(HumanoidRootPart, TweenInfo.new(0.5, Enum.EasingStyle.Linear, Enum.EasingDirection.InOut, 0, false, 0), {CFrame = CFrame.new(-1720.72473, 4.12662458, -1593.4071, -0.100228146, -1.78955464e-08, -0.99496448, 7.48486926e-08, 1, -2.55260293e-08, 0.99496448, -7.70302151e-08, -0.100228146)})
                            local Tw3 = TweenService:Create(HumanoidRootPart, TweenInfo.new(1, Enum.EasingStyle.Linear, Enum.EasingDirection.InOut, 0, false, 0), {CFrame = CFrame.new(-1716.89111, 4.12662745, -1608.74658, -0.00232439279, -3.48897018e-08, -0.999997318, 9.10893121e-08, 1, -3.51015252e-08, 0.999997318, -9.1170655e-08, -0.00232439279)})
                            local Tw4 = TweenService:Create(HumanoidRootPart, TweenInfo.new(1, Enum.EasingStyle.Linear, Enum.EasingDirection.InOut, 0, false, 0), {CFrame = CFrame.new(-1731.56824, 4.12662172, -1624.4646, -0.27096352, -7.4981358e-08, -0.962589622, -5.64646747e-08, 1, -6.20009715e-08, 0.962589622, 3.75523115e-08, -0.27096352)})
                            local Tw5 = TweenService:Create(HumanoidRootPart, TweenInfo.new(1, Enum.EasingStyle.Linear, Enum.EasingDirection.InOut, 0, false, 0), {CFrame = CFrame.new(-1742.65161, 4.12662888, -1604.37207, -0.00857968535, -9.46922629e-09, -0.999963164, -5.14645837e-09, 1, -9.42541778e-09, 0.999963164, 5.06540188e-09, -0.00857968535)})
                            local Tw6 = TweenService:Create(HumanoidRootPart, TweenInfo.new(1, Enum.EasingStyle.Linear, Enum.EasingDirection.InOut, 0, false, 0), {CFrame = CFrame.new(-1762.04443, 4.12663412, -1595.16418, -0.129098654, 5.65224241e-08, -0.991631746, 4.83307403e-08, 1, 5.0707321e-08, 0.991631746, -4.13800514e-08, -0.129098654)})
                            local Tw7 = TweenService:Create(HumanoidRootPart, TweenInfo.new(0.5, Enum.EasingStyle.Linear, Enum.EasingDirection.InOut, 0, false, 0), {CFrame = CFrame.new(-1758.63147, 4.12663412, -1576.76929, -0.0565072373, -1.52712865e-08, -0.998402178, 1.1656681e-08, 1, -1.59554663e-08, 0.998402178, -1.25396546e-08, -0.0565072373)})
                            local Tw8 = TweenService:Create(HumanoidRootPart, TweenInfo.new(0.5, Enum.EasingStyle.Linear, Enum.EasingDirection.InOut, 0, false, 0), {CFrame = CFrame.new(-1739.92322, 4.12663078, -1585.7323, 0.211679071, -2.5104832e-08, -0.977339208, 5.50662307e-08, 1, -1.37602827e-08, 0.977339208, -5.09056228e-08, 0.211679071)})
                            local Tw9 = TweenService:Create(HumanoidRootPart, TweenInfo.new(1, Enum.EasingStyle.Linear, Enum.EasingDirection.InOut, 0, false, 0), {CFrame = CFrame.new(-1727.11743, 4.12663126, -1576.79944, -0.0586111471, -6.83849777e-08, -0.998280883, -7.12253723e-08, 1, -6.43209503e-08, 0.998280883, 6.73330049e-08, -0.0586111471)})
                            Tw1:Play()
                            wait(10)
                            fireclickdetector(game.Workspace.MapMisc.Jobs.CleaningParts:FindFirstChild(Name)["2"].ClickDetector)
                            wait(4)
                            Tw2:Play()
                            wait(1)
                            fireclickdetector(game.Workspace.MapMisc.Jobs.CleaningParts:FindFirstChild(Name)["9"].ClickDetector)
                            wait(5)
                            Tw3:Play()
                            wait(1.5)
                            fireclickdetector(game.Workspace.MapMisc.Jobs.CleaningParts:FindFirstChild(Name)["3"].ClickDetector)
                            wait(5)
                            Tw4:Play()
                            wait(1.5)
                            fireclickdetector(game.Workspace.MapMisc.Jobs.CleaningParts:FindFirstChild(Name)["5"].ClickDetector)
                            wait(5)
                            Tw5:Play()
                            wait(1.5)
                            fireclickdetector(game.Workspace.MapMisc.Jobs.CleaningParts:FindFirstChild(Name)["4"].ClickDetector)
                            wait(5)
                            Tw6:Play()
                            wait(1.5)
                            fireclickdetector(game.Workspace.MapMisc.Jobs.CleaningParts:FindFirstChild(Name)["1"].ClickDetector)
                            wait(5)
                            Tw7:Play()
                            wait(1)
                            fireclickdetector(game.Workspace.MapMisc.Jobs.CleaningParts:FindFirstChild(Name)["7"].ClickDetector)
                            wait(5)
                            Tw8:Play()
                            wait(1.5)
                            fireclickdetector(game.Workspace.MapMisc.Jobs.CleaningParts:FindFirstChild(Name)["8"].ClickDetector)
                            wait(5)
                            Tw9:Play()
                            wait(1.5)
                            fireclickdetector(game.Workspace.MapMisc.Jobs.CleaningParts:FindFirstChild(Name)["6"].ClickDetector)
                            wait(7)
                            CT:Enable()
                            _G.BClean = false
                        else
                            local args = {
                            [1] = "Job"
                            }
                            game:GetService("ReplicatedStorage").Events.EventCore:FireServer(unpack(args))
                            wait(2)
                            local Cancel = Notification.new("error", "Notification", "Cancel😭")
                            Cancel:deleteTimeout(3)
                            local args1 = {
                                [1] = "CancelJob"
                            }
                            game:GetService("ReplicatedStorage").Events.EventCore:FireServer(unpack(args1))
                        end
                    end)
                end
            end
        })

        AutoFarmBT:AddButton({
            Title = "Auto Delivery",
            Description = "Fully Auto",
            Callback = function()
                _G.BDeli = true
                while _G.BDeli do wait(1)
                    pcall(function()
                        if game:GetService("Players").LocalPlayer.PlayerGui.Main.LabelJob.Text == "" then
                            Notification.new("info", "Notification", "Get Job...", true, 3)
                            local args = {
                            [1] = "Job"
                            }
                            game:GetService("ReplicatedStorage").Events.EventCore:FireServer(unpack(args))
                            wait(2)
                            local args = {
                            [1] = "Job"
                            }
                            game:GetService("ReplicatedStorage").Events.EventCore:FireServer(unpack(args))
                        end

                        if game:GetService("Players").LocalPlayer.PlayerGui.Main.LabelJob.Text == "Deliver the crate!" then
                            Notification.new("success", "Notification", "Success!!!", true, 3)
                            CT:Disable()
                            local Tw1 = TweenService:Create(HumanoidRootPart, TweenInfo.new(15, Enum.EasingStyle.Linear, Enum.EasingDirection.InOut, 0, false, 0), {CFrame = CFrame.new(-1709.2572, 4.05218554, -1573.61023, -0.801387548, 5.05635356e-08, -0.598145485, 2.53255372e-08, 1, 5.06030169e-08, 0.598145485, 2.54042707e-08, -0.801387548)})
                            local Tw2 = TweenService:Create(HumanoidRootPart, TweenInfo.new(7.5, Enum.EasingStyle.Linear, Enum.EasingDirection.InOut, 0, false, 0), {CFrame = CFrame.new(-1428.85095, 3.99999905, -1414.49316, 0.0230026804, -7.12068058e-08, 0.999735415, 1.95005989e-09, 1, 7.11807786e-08, -0.999735415, 3.1219527e-10, 0.0230026804)})
                            local Tw3 = TweenService:Create(HumanoidRootPart, TweenInfo.new(3, Enum.EasingStyle.Linear, Enum.EasingDirection.InOut, 0, false, 0), {CFrame = CFrame.new(-1266.38818, 4, -1490.72571, 0.956693292, -6.76176839e-08, -0.29109785, 4.36354561e-08, 1, -8.88771012e-08, 0.29109785, 7.2325939e-08, 0.956693292)})
                            local Tw4 = TweenService:Create(HumanoidRootPart, TweenInfo.new(15, Enum.EasingStyle.Linear, Enum.EasingDirection.InOut, 0, false, 0), {CFrame = CFrame.new(-1956.29285, 4.05000067, -1648.20532, 0.0304275695, -1.08180709e-09, 0.999536991, 9.74812586e-09, 1, 7.85559062e-10, -0.999536991, 9.71970948e-09, 0.0304275695)})
                            
                            Tw1:Play()
                            wait(17)
                            Tw2:Play()
                            wait(9)
                            Tw3:Play()
                            wait(5)
                            Tw4:Play()
                            wait(17)
                            CT:Enable()
                            Notification.new("success", "Notification", "Success!!!", true , 3)
                            _G.BClean = false
                        else
                            local args = {
                            [1] = "Job"
                            }
                            game:GetService("ReplicatedStorage").Events.EventCore:FireServer(unpack(args))
                            wait(2)
                            local Cancel = Notification.new("error", "Notification", "Cancel😭")
                            Cancel:deleteTimeout(3)
                            local args1 = {
                                [1] = "CancelJob"
                            }
                            game:GetService("ReplicatedStorage").Events.EventCore:FireServer(unpack(args1))
                        end
                    end)
                end
            end
        })

        ----- Auto Farm Anti TP -----
        local Toggle = AutoFarmAntiTG:AddToggle("Auto All Job", 
        {
            Title = "Auto All Job", 
            Description = "Fully Auto All Job",
            Default = false,
            Callback = function(v)
            _G.AllJob = v
            while _G.AllJob do wait(1)
                pcall(function()
                    if game:GetService("Players").LocalPlayer.PlayerGui.Main.LabelJob.Text == "" then
                        Notification.new("info", "Notification", "Get Job...", true, 3)
                        local args = {
                        [1] = "Job"
                        }
                        game:GetService("ReplicatedStorage").Events.EventCore:FireServer(unpack(args))
                    end
                ----- Clean Job -----
                    if LocalPlayer.PlayerGui.Main.LabelJob.Text == "Clean the floors!" then
                        local success = Notification.new("success", "Notification", "Get Clean Job!!!", true, 3)
                        CT:Disable()
                        HumanoidRootPart.CFrame = CFrame.new(-1715.58521, 4.12662554, -1586.85852, -0.0413668677, -3.96679596e-08, -0.999144018, -5.47444436e-08, 1, -3.74353988e-08, 0.999144018, 5.31489981e-08, -0.0413668677)
                        wait(1)
                        fireclickdetector(game.Workspace.MapMisc.Jobs.CleaningParts:FindFirstChild(Name)["2"].ClickDetector)
                        wait(5)
                        HumanoidRootPart.CFrame = CFrame.new(-1720.72473, 4.12662458, -1593.4071, -0.100228146, -1.78955464e-08, -0.99496448, 7.48486926e-08, 1, -2.55260293e-08, 0.99496448, -7.70302151e-08, -0.100228146)
                        wait(1)
                        fireclickdetector(game.Workspace.MapMisc.Jobs.CleaningParts:FindFirstChild(Name)["9"].ClickDetector)
                        wait(5)
                        HumanoidRootPart.CFrame = CFrame.new(-1716.89111, 4.12662745, -1608.74658, -0.00232439279, -3.48897018e-08, -0.999997318, 9.10893121e-08, 1, -3.51015252e-08, 0.999997318, -9.1170655e-08, -0.00232439279)
                        wait(1)
                        fireclickdetector(game.Workspace.MapMisc.Jobs.CleaningParts:FindFirstChild(Name)["3"].ClickDetector)
                        wait(5)
                        HumanoidRootPart.CFrame = CFrame.new(-1731.56824, 4.12662172, -1624.4646, -0.27096352, -7.4981358e-08, -0.962589622, -5.64646747e-08, 1, -6.20009715e-08, 0.962589622, 3.75523115e-08, -0.27096352)
                        wait(1)
                        fireclickdetector(game.Workspace.MapMisc.Jobs.CleaningParts:FindFirstChild(Name)["5"].ClickDetector)
                        wait(5)
                        HumanoidRootPart.CFrame = CFrame.new(-1742.65161, 4.12662888, -1604.37207, -0.00857968535, -9.46922629e-09, -0.999963164, -5.14645837e-09, 1, -9.42541778e-09, 0.999963164, 5.06540188e-09, -0.00857968535)
                        wait(1)
                        fireclickdetector(game.Workspace.MapMisc.Jobs.CleaningParts:FindFirstChild(Name)["4"].ClickDetector)
                        wait(5)
                        HumanoidRootPart.CFrame = CFrame.new(-1762.04443, 4.12663412, -1595.16418, -0.129098654, 5.65224241e-08, -0.991631746, 4.83307403e-08, 1, 5.0707321e-08, 0.991631746, -4.13800514e-08, -0.129098654)
                        wait(1)
                        fireclickdetector(game.Workspace.MapMisc.Jobs.CleaningParts:FindFirstChild(Name)["1"].ClickDetector)
                        wait(5)
                        HumanoidRootPart.CFrame = CFrame.new(-1758.63147, 4.12663412, -1576.76929, -0.0565072373, -1.52712865e-08, -0.998402178, 1.1656681e-08, 1, -1.59554663e-08, 0.998402178, -1.25396546e-08, -0.0565072373)
                        wait(1)
                        fireclickdetector(game.Workspace.MapMisc.Jobs.CleaningParts:FindFirstChild(Name)["7"].ClickDetector)
                        wait(5)
                        HumanoidRootPart.CFrame = CFrame.new(-1739.92322, 4.12663078, -1585.7323, 0.211679071, -2.5104832e-08, -0.977339208, 5.50662307e-08, 1, -1.37602827e-08, 0.977339208, -5.09056228e-08, 0.211679071)
                        wait(1)
                        fireclickdetector(game.Workspace.MapMisc.Jobs.CleaningParts:FindFirstChild(Name)["8"].ClickDetector)
                        wait(5)
                        HumanoidRootPart.CFrame = CFrame.new(-1727.11743, 4.12663126, -1576.79944, -0.0586111471, -6.83849777e-08, -0.998280883, -7.12253723e-08, 1, -6.43209503e-08, 0.998280883, 6.73330049e-08, -0.0586111471)
                        wait(1)
                        fireclickdetector(game.Workspace.MapMisc.Jobs.CleaningParts:FindFirstChild(Name)["6"].ClickDetector)
                        wait(5)
                        CT:Enable()
                    end

                    ----- Delivery Job -----
                    if game:GetService("Players").LocalPlayer.PlayerGui.Main.LabelJob.Text == "Deliver the crate!" then 
                        Notification.new("success", "Notification", "Get Delivery Job!!!", true, 3)
                        CT:Disable()
                        Humanoid.Jump = true
                        HumanoidRootPart.CFrame = game.Workspace.Delivery.From.Burger.CFrame
                        wait(7)
