local TweenService = game:GetService("TweenService")
local LocalPlayer = game.Players.LocalPlayer
local Character = LocalPlayer.Character
local HumanoidRootPart = Character.HumanoidRootPart
local Name = LocalPlayer.Name
local CT = require(LocalPlayer.PlayerScripts.PlayerModule):GetControls()

if game.PlaceId == 13358463560 then
local Notification = loadstring(game:HttpGet("https://raw.githubusercontent.com/Jxereas/UI-Libraries/main/notification_gui_library.lua", true))()
local load = Notification.new("success", "Notification", "Loader Success.", true, 3)
wait(.5)
load:changeBody("Loader Success..")
wait(.5)
load:changeBody("Loader Success...")
wait(.5)
load:changeBody("Loader Success.")
wait(.5)
load:changeBody("Loader Success..")
wait(.5)
load:changeBody("Loader Success...")
wait(.5)
local Library = loadstring(game:HttpGet("https://raw.githubusercontent.com/xHeptc/Kavo-UI-Library/main/source.lua"))()
local Window = Library.CreateLib("Rain Hub V2", "Midnight")
local Main = Window:NewTab("Main")
local Teleport = Window:NewTab("Teleport")
local Misc = Window:NewTab("Misc")
local Credit = Window:NewTab("Credit")
local AutoFarm = Main:NewSection("Auto Farm")
local TP = Teleport:NewSection("Teleport")
local TPNPC = Teleport:NewSection("Teleport NPC Style")
local Addon = Misc:NewSection("Addon")
local Bypass = Misc:NewSection("Bypass")
local Credit = Credit:NewSection("Credit")


equipitem = function(v)
    if LocalPlayer.Backpack:FindFirstChild(v) then
        local Eq = LocalPlayer.Backpack:FindFirstChild(v)
        Character.Humanoid:EquipTool(Eq)
    end
end

------ Main ------
AutoFarm:NewToggle("Auto Clean", "Fully Auto", function(v)
    _G.Clean = v
    while _G.Clean do wait(1)
        pcall(function()
            if game:GetService("Players").LocalPlayer.PlayerGui.Main.LabelJob.Text == "" then
                Notification.new("info", "Notification", "Get Job.", true, 3)
                local args = {
                [1] = "Job"
                }
                game:GetService("ReplicatedStorage").Events.EventCore:FireServer(unpack(args))
                wait(.5)
                Get:changeBody("Get Job..")
                wait(.5)
                Get:changeBody("Get Job...")
                wait(.5)
                Get:changeBody("Get Job.")
                wait(.5)
                Get:changeBody("Get Job..")
                wait(.5)
                Get:changeBody("Get Job...")
                wait(.5)
            end

            if game:GetService("Players").LocalPlayer.PlayerGui.Main.LabelJob.Text == "Clean the floors!" then
                local success = Notification.new("success", "Notification", "Success!!!", true, 3)
                CT:Disable()
                local Tw1 = TweenService:Create(HumanoidRootPart, TweenInfo.new(10, Enum.EasingStyle.Linear, Enum.EasingDirection.InOut, 0, false, 0), {CFrame = CFrame.new(-1715.58521, 4.12662554, -1586.85852, -0.0413668677, -3.96679596e-08, -0.999144018, -5.47444436e-08, 1, -3.74353988e-08, 0.999144018, 5.31489981e-08, -0.0413668677)})
                local Tw2 = TweenService:Create(HumanoidRootPart, TweenInfo.new(0.5, Enum.EasingStyle.Linear, Enum.EasingDirection.InOut, 0, false, 0), {CFrame = CFrame.new(-1720.72473, 4.12662458, -1593.4071, -0.100228146, -1.78955464e-08, -0.99496448, 7.48486926e-08, 1, -2.55260293e-08, 0.99496448, -7.70302151e-08, -0.100228146)})
                local Tw3 = TweenService:Create(HumanoidRootPart, TweenInfo.new(1, Enum.EasingStyle.Linear, Enum.EasingDirection.InOut, 0, false, 0), {CFrame = CFrame.new(-1716.89111, 4.12662745, -1608.74658, -0.00232439279, -3.48897018e-08, -0.999997318, 9.10893121e-08, 1, -3.51015252e-08, 0.999997318, -9.1170655e-08, -0.00232439279)})
                local Tw4 = TweenService:Create(HumanoidRootPart, TweenInfo.new(1, Enum.EasingStyle.Linear, Enum.EasingDirection.InOut, 0, false, 0), {CFrame = CFrame.new(-1731.56824, 4.12662172, -1624.4646, -0.27096352, -7.4981358e-08, -0.962589622, -5.64646747e-08, 1, -6.20009715e-08, 0.962589622, 3.75523115e-08, -0.27096352)})
                local Tw5 = TweenService:Create(HumanoidRootPart, TweenInfo.new(1, Enum.EasingStyle.Linear, Enum.EasingDirection.InOut, 0, false, 0), {CFrame = CFrame.new(-1742.65161, 4.12662888, -1604.37207, -0.00857968535, -9.46922629e-09, -0.999963164, -5.14645837e-09, 1, -9.42541778e-09, 0.999963164, 5.06540188e-09, -0.00857968535)})
                local Tw6 = TweenService:Create(HumanoidRootPart, TweenInfo.new(1, Enum.EasingStyle.Linear, Enum.EasingDirection.InOut, 0, false, 0), {CFrame = CFrame.new(-1762.04443, 4.12663412, -1595.16418, -0.129098654, 5.65224241e-08, -0.991631746, 4.83307403e-08, 1, 5.0707321e-08, 0.991631746, -4.13800514e-08, -0.129098654)})
                local Tw7 = TweenService:Create(HumanoidRootPart, TweenInfo.new(0.5, Enum.EasingStyle.Linear, Enum.EasingDirection.InOut, 0, false, 0), {CFrame = CFrame.new(-1758.63147, 4.12663412, -1576.76929, -0.0565072373, -1.52712865e-08, -0.998402178, 1.1656681e-08, 1, -1.59554663e-08, 0.998402178, -1.25396546e-08, -0.0565072373)})
                local Tw8 = TweenService:Create(HumanoidRootPart, TweenInfo.new(0.5, Enum.EasingStyle.Linear, Enum.EasingDirection.InOut, 0, false, 0), {CFrame = CFrame.new(-1739.92322, 4.12663078, -1585.7323, 0.211679071, -2.5104832e-08, -0.977339208, 5.50662307e-08, 1, -1.37602827e-08, 0.977339208, -5.09056228e-08, 0.211679071)})
                local Tw9 = TweenService:Create(HumanoidRootPart, TweenInfo.new(1, Enum.EasingStyle.Linear, Enum.EasingDirection.InOut, 0, false, 0), {CFrame = CFrame.new(-1727.11743, 4.12663126, -1576.79944, -0.0586111471, -6.83849777e-08, -0.998280883, -7.12253723e-08, 1, -6.43209503e-08, 0.998280883, 6.73330049e-08, -0.0586111471)})
                Tw1:Play()
                wait(10)
                fireclickdetector(game.Workspace.CleaningParts:FindFirstChild(Name)["2"].ClickDetector)
                wait(4)
                Tw2:Play()
                wait(1)
                fireclickdetector(game.Workspace.CleaningParts:FindFirstChild(Name)["9"].ClickDetector)
                wait(5)
                Tw3:Play()
                wait(1.5)
                fireclickdetector(game.Workspace.CleaningParts:FindFirstChild(Name)["3"].ClickDetector)
                wait(5)
                Tw4:Play()
                wait(1.5)
                fireclickdetector(game.Workspace.CleaningParts:FindFirstChild(Name)["5"].ClickDetector)
                wait(5)
                Tw5:Play()
                wait(1.5)
                fireclickdetector(game.Workspace.CleaningParts:FindFirstChild(Name)["4"].ClickDetector)
                wait(5)
                Tw6:Play()
                wait(1.5)
                fireclickdetector(game.Workspace.CleaningParts:FindFirstChild(Name)["1"].ClickDetector)
                wait(5)
                Tw7:Play()
                wait(1)
                fireclickdetector(game.Workspace.CleaningParts:FindFirstChild(Name)["7"].ClickDetector)
                wait(5)
                Tw8:Play()
                wait(1.5)
                fireclickdetector(game.Workspace.CleaningParts:FindFirstChild(Name)["8"].ClickDetector)
                wait(5)
                Tw9:Play()
                wait(1.5)
                fireclickdetector(game.Workspace.CleaningParts:FindFirstChild(Name)["6"].ClickDetector)
                wait(7)
                CT:Enable()
            else
                local args = {
                [1] = "Job"
                }
                game:GetService("ReplicatedStorage").Events.EventCore:FireServer(unpack(args))
                wait(5)
                local Cancel = Notification.new("error", "Notification", "Cancel TT", true,3)
                local args1 = {
                    [1] = "CancelJob"
                }
                game:GetService("ReplicatedStorage").Events.EventCore:FireServer(unpack(args1))
            end
        end)
    end
end)

AutoFarm:NewToggle("Auto Delivery", "Fully Auto", function()
    _G.Delivery = v
    while _G.Delivery do wait(1)
        if game:GetService("Players").LocalPlayer.PlayerGui.Main.LabelJob.Text == "" then
            Notification.new("info", "Notification", "Get Job.", true, 3)
            local args = {
            [1] = "Job"
            }
            game:GetService("ReplicatedStorage").Events.EventCore:FireServer(unpack(args))
            wait(.5)
            Get:changeBody("Get Job..")
            wait(.5)
            Get:changeBody("Get Job...")
            wait(.5)
            Get:changeBody("Get Job.")
            wait(.5)
            Get:changeBody("Get Job..")
            wait(.5)
            Get:changeBody("Get Job...")
            wait(.5)
        end

        if game:GetService("Players").LocalPlayer.PlayerGui.Main.LabelJob.Text == "Deliver the crate!" then 
            Notification.new("success", "Notification", "Success!!!", true, 3)
            CT:Disable()
            local Tw1 = TweenService:Create(HumanoidRootPart, TweenInfo.new(10, Enum.EasingStyle.Linear, Enum.EasingDirection.InOut, 0, false, 0), {CFrame = CFrame.new(-1709.2572, 4.05218554, -1573.61023, -0.801387548, 5.05635356e-08, -0.598145485, 2.53255372e-08, 1, 5.06030169e-08, 0.598145485, 2.54042707e-08, -0.801387548)})
            local Tw2 = TweenService:Create(HumanoidRootPart, TweenInfo.new(7.5, Enum.EasingStyle.Linear, Enum.EasingDirection.InOut, 0, false, 0), {CFrame = CFrame.new(-1428.85095, 3.99999905, -1414.49316, 0.0230026804, -7.12068058e-08, 0.999735415, 1.95005989e-09, 1, 7.11807786e-08, -0.999735415, 3.1219527e-10, 0.0230026804)})
            local Tw3 = TweenService:Create(HumanoidRootPart, TweenInfo.new(3, Enum.EasingStyle.Linear, Enum.EasingDirection.InOut, 0, false, 0), {CFrame = CFrame.new(-1266.38818, 4, -1490.72571, 0.956693292, -6.76176839e-08, -0.29109785, 4.36354561e-08, 1, -8.88771012e-08, 0.29109785, 7.2325939e-08, 0.956693292)})
            local Tw4 = TweenService:Create(HumanoidRootPart, TweenInfo.new(10, Enum.EasingStyle.Linear, Enum.EasingDirection.InOut, 0, false, 0), {CFrame = CFrame.new(-1956.29285, 4.05000067, -1648.20532, 0.0304275695, -1.08180709e-09, 0.999536991, 9.74812586e-09, 1, 7.85559062e-10, -0.999536991, 9.71970948e-09, 0.0304275695)})
            Tw1:Play()
            wait(10)
            Tw2:Play()
            wait(7.5)
            Tw3:Play()
            wait(3)
            Tw4:Play()
            wait(10)
            CT:Enable()
        else
            local args = {
            [1] = "Job"
            }
            game:GetService("ReplicatedStorage").Events.EventCore:FireServer(unpack(args))

            wait(5)

            Notification.new("error", "Notification", "Cancel TT", true, 3)
            local args1 = {
                [1] = "CancelJob"
            }
            game:GetService("ReplicatedStorage").Events.EventCore:FireServer(unpack(args1))
        end
    end
end)

AutoFarm:NewToggle("Auto Run", "Bug!!! , Not Auto Start", function(v)
    _G.Run = true

    while _G.Run do wait(1)
        CT:Disable()
        if not LocalPlayer.Backpack:FindFirstChild("Roadwork Training") then
            local TwBuy = TweenService:Create(HumanoidRootPart, TweenInfo.new(10, Enum.EasingStyle.Linear, Enum.EasingDirection.InOut, 0, false, 0), {CFrame = CFrame.new(-2057.35522, 8.375, -1643.90527, 0.00399909355, -2.54845585e-08, 0.999992013, -2.04004813e-09, 1, 2.54929198e-08, -0.999992013, -2.14198037e-09, 0.00399909355)})
            TwBuy:Play()
        else
            local Tw1 = TweenService:Create(HumanoidRootPart, TweenInfo.new(10, Enum.EasingStyle.Linear, Enum.EasingDirection.InOut, 0, false, 0), {CFrame = CFrame.new(-1951.23682, 4.05000067, -1642.04651, -0.999084294, -5.82323842e-08, 0.0427854843, -5.69893643e-08, 1, 3.02720728e-08, -0.0427854843, 2.7806033e-08, -0.999084294)})
            Tw1:Play()
            wait(10)
        end
        for i,v in pairs(game.workspace.Purchases.GYM:GetChildren()) do
            if v.Name == "Roadwork Training" then
                fireclickdetector(v.ClickDetector)
            end
        end
        equipitem("Roadwork Training")
        VirtualUser:Button1Down(Vector2.new(981, 488))
        if game.Workspace.Roadworks.GYM["1"]:FindFirstChild("TouchInterest") or game.Workspace.Roadworks.GYM["2"]:FindFirstChild("TouchInterest") or game.Workspace.Roadworks.GYM["3"]:FindFirstChild("TouchInterest") or game.Workspace.Roadworks.GYM["4"]:FindFirstChild("TouchInterest") or game.Workspace.Roadworks.GYM["5"]:FindFirstChild("TouchInterest") or game.Workspace.Roadworks.GYM["6"]:FindFirstChild("TouchInterest") or game.Workspace.Roadworks.GYM["7"]:FindFirstChild("TouchInterest") or game.Workspace.Roadworks.GYM["8"]:FindFirstChild("TouchInterest") or game.Workspace.Roadworks.GYM["9"]:FindFirstChild("TouchInterest") or game.Workspace.Roadworks.GYM["10"]:FindFirstChild("TouchInterest")then
            local Tw1 = TweenService:Create(HumanoidRootPart, TweenInfo.new(7, Enum.EasingStyle.Linear, Enum.EasingDirection.InOut, 0, false, 0), {CFrame = CFrame.new(-1951.23682, 4.05000067, -1642.04651, -0.999084294, -5.82323842e-08, 0.0427854843, -5.69893643e-08, 1, 3.02720728e-08, -0.0427854843, 2.7806033e-08, -0.999084294)})
            local Tw2 = TweenService:Create(HumanoidRootPart, TweenInfo.new(5, Enum.EasingStyle.Linear, Enum.EasingDirection.InOut, 0, false, 0), {CFrame = CFrame.new(-1949.63696, 3.99999952, -1490.46936, -0.999939144, 1.81944575e-08, -0.0110329613, 1.92144203e-08, 1, -9.23408834e-08, 0.0110329613, -9.25472534e-08, -0.999939144)})
            local Tw3 = TweenService:Create(HumanoidRootPart, TweenInfo.new(3, Enum.EasingStyle.Linear, Enum.EasingDirection.InOut, 0, false, 0), {CFrame = CFrame.new(-1879.14185, 3.99999905, -1483.38855, -0.0485947765, -3.95604154e-08, -0.998818576, 1.13462848e-08, 1, -4.01592288e-08, 0.998818576, -1.32844091e-08, -0.0485947765)})
            local Tw4 = TweenService:Create(HumanoidRootPart, TweenInfo.new(7, Enum.EasingStyle.Linear, Enum.EasingDirection.InOut, 0, false, 0), {CFrame = CFrame.new(-1828.61963, 3.99999905, -1306.72192, -0.0908902436, -9.18452301e-08, -0.995860934, -3.47439446e-08, 1, -8.90559591e-08, 0.995860934, 2.65058198e-08, -0.0908902436)})
            local Tw5 = TweenService:Create(HumanoidRootPart, TweenInfo.new(4, Enum.EasingStyle.Linear, Enum.EasingDirection.InOut, 0, false, 0), {CFrame = CFrame.new(-1691.01648, 4, -1321.73657, 0.9997859, -1.01812539e-07, 0.0206906721, 1.01923725e-07, 1, -4.31927516e-09, -0.0206906721, 6.42722098e-09, 0.9997859)})
            local Tw6 = TweenService:Create(HumanoidRootPart, TweenInfo.new(5, Enum.EasingStyle.Linear, Enum.EasingDirection.InOut, 0, false, 0), {CFrame = CFrame.new(-1701.59924, 3.99999952, -1490.94641, 0.993309855, 4.66140975e-08, 0.115479648, -3.59092489e-08, 1, -9.47793879e-08, -0.115479648, 8.99985153e-08, 0.993309855)})
            local Tw7 = TweenService:Create(HumanoidRootPart, TweenInfo.new(3, Enum.EasingStyle.Linear, Enum.EasingDirection.InOut, 0, false, 0), {CFrame = CFrame.new(-1701.83521, 3.99999905, -1555.25659, -0.0144577483, 8.42557171e-08, 0.999895453, -3.3463305e-08, 1, -8.4748379e-08, -0.999895453, -3.46850761e-08, -0.0144577483)})
            local Tw8 = TweenService:Create(HumanoidRootPart, TweenInfo.new(5, Enum.EasingStyle.Linear, Enum.EasingDirection.InOut, 0, false, 0), {CFrame = CFrame.new(-1876.77637, 3.99999905, -1557.67273, 0.999782801, 1.78105388e-08, 0.0208400264, -1.67651795e-08, 1, -5.03358777e-08, -0.0208400264, 4.99755579e-08, 0.999782801)})
            local Tw9 = TweenService:Create(HumanoidRootPart, TweenInfo.new(5, Enum.EasingStyle.Linear, Enum.EasingDirection.InOut, 0, false, 0), {CFrame = CFrame.new(-1880.95715, 3.99999905, -1730.52319, 0.126060918, -2.25942709e-09, 0.992022514, 1.06375875e-09, 1, 2.1424198e-09, -0.992022514, 7.85197185e-10, 0.126060918)})
            local Tw10 = TweenService:Create(HumanoidRootPart, TweenInfo.new(3, Enum.EasingStyle.Linear, Enum.EasingDirection.InOut, 0, false, 0), {CFrame = CFrame.new(-1953.18079, 4.05000067, -1727.79822, -0.998464108, 2.40192772e-08, -0.055402182, 2.48190268e-08, 1, -1.37472869e-08, 0.055402182, -1.51012003e-08, -0.998464108)})
            Tw1:Play()
            wait(7)
            Tw2:Play()
            wait(5)
            Tw3:Play()
            wait(4)
            Tw4:Play()
            wait(7)
            Tw5:Play()
            wait(4)
            Tw6:Play()
            wait(3)
            Tw7:Play()
            wait(3)
            Tw8:Play()
            wait(5)
            Tw9:Play()
            wait(5)
            Tw10:Play()
            wait(5)
            CT:Enable()
        end
    end
end)



AutoFarm:NewButton("Auto Run", "Not Auto Start", function()
    pcall(function()
        local Tw1 = TweenService:Create(HumanoidRootPart, TweenInfo.new(10, Enum.EasingStyle.Linear, Enum.EasingDirection.InOut, 0, false, 0), {CFrame = CFrame.new(-1951.23682, 4.05000067, -1642.04651, -0.999084294, -5.82323842e-08, 0.0427854843, -5.69893643e-08, 1, 3.02720728e-08, -0.0427854843, 2.7806033e-08, -0.999084294)})
        local Tw2 = TweenService:Create(HumanoidRootPart, TweenInfo.new(3, Enum.EasingStyle.Linear, Enum.EasingDirection.InOut, 0, false, 0), {CFrame = CFrame.new(-1949.63696, 3.99999952, -1490.46936, -0.999939144, 1.81944575e-08, -0.0110329613, 1.92144203e-08, 1, -9.23408834e-08, 0.0110329613, -9.25472534e-08, -0.999939144)})
        local Tw3 = TweenService:Create(HumanoidRootPart, TweenInfo.new(1, Enum.EasingStyle.Linear, Enum.EasingDirection.InOut, 0, false, 0), {CFrame = CFrame.new(-1879.14185, 3.99999905, -1483.38855, -0.0485947765, -3.95604154e-08, -0.998818576, 1.13462848e-08, 1, -4.01592288e-08, 0.998818576, -1.32844091e-08, -0.0485947765)})
        local Tw4 = TweenService:Create(HumanoidRootPart, TweenInfo.new(5, Enum.EasingStyle.Linear, Enum.EasingDirection.InOut, 0, false, 0), {CFrame = CFrame.new(-1828.61963, 3.99999905, -1306.72192, -0.0908902436, -9.18452301e-08, -0.995860934, -3.47439446e-08, 1, -8.90559591e-08, 0.995860934, 2.65058198e-08, -0.0908902436)})
        local Tw5 = TweenService:Create(HumanoidRootPart, TweenInfo.new(2, Enum.EasingStyle.Linear, Enum.EasingDirection.InOut, 0, false, 0), {CFrame = CFrame.new(-1691.01648, 4, -1321.73657, 0.9997859, -1.01812539e-07, 0.0206906721, 1.01923725e-07, 1, -4.31927516e-09, -0.0206906721, 6.42722098e-09, 0.9997859)})
        local Tw6 = TweenService:Create(HumanoidRootPart, TweenInfo.new(3, Enum.EasingStyle.Linear, Enum.EasingDirection.InOut, 0, false, 0), {CFrame = CFrame.new(-1701.59924, 3.99999952, -1490.94641, 0.993309855, 4.66140975e-08, 0.115479648, -3.59092489e-08, 1, -9.47793879e-08, -0.115479648, 8.99985153e-08, 0.993309855)})
        local Tw7 = TweenService:Create(HumanoidRootPart, TweenInfo.new(1, Enum.EasingStyle.Linear, Enum.EasingDirection.InOut, 0, false, 0), {CFrame = CFrame.new(-1701.83521, 3.99999905, -1555.25659, -0.0144577483, 8.42557171e-08, 0.999895453, -3.3463305e-08, 1, -8.4748379e-08, -0.999895453, -3.46850761e-08, -0.0144577483)})
        local Tw8 = TweenService:Create(HumanoidRootPart, TweenInfo.new(3, Enum.EasingStyle.Linear, Enum.EasingDirection.InOut, 0, false, 0), {CFrame = CFrame.new(-1876.77637, 3.99999905, -1557.67273, 0.999782801, 1.78105388e-08, 0.0208400264, -1.67651795e-08, 1, -5.03358777e-08, -0.0208400264, 4.99755579e-08, 0.999782801)})
        local Tw9 = TweenService:Create(HumanoidRootPart, TweenInfo.new(3, Enum.EasingStyle.Linear, Enum.EasingDirection.InOut, 0, false, 0), {CFrame = CFrame.new(-1880.95715, 3.99999905, -1730.52319, 0.126060918, -2.25942709e-09, 0.992022514, 1.06375875e-09, 1, 2.1424198e-09, -0.992022514, 7.85197185e-10, 0.126060918)})
        local Tw10 = TweenService:Create(HumanoidRootPart, TweenInfo.new(1, Enum.EasingStyle.Linear, Enum.EasingDirection.InOut, 0, false, 0), {CFrame = CFrame.new(-1953.18079, 4.05000067, -1727.79822, -0.998464108, 2.40192772e-08, -0.055402182, 2.48190268e-08, 1, -1.37472869e-08, 0.055402182, -1.51012003e-08, -0.998464108)})
        local TwBuy = TweenService:Create(HumanoidRootPart, TweenInfo.new(10, Enum.EasingStyle.Linear, Enum.EasingDirection.InOut, 0, false, 0))
        TwBuy:Play()
        wait(11)
        for i,v in pairs(game.workspace.Purchases.GYM:GetChildren()) do
            if v.Name == "Roadwork Training" then
                fireclickdetector(v.ClickDetector)
            end
        end
        equipitem("Roadwork Training")
        VirtualUser:Button1Down(Vector2.new(981, 488))
        wait(1)
        Tw1:Play()
        wait(10)
        Tw2:Play()
        wait(3)
        Tw3:Play()
        wait(1)
        Tw4:Play()
        wait(6)
        Tw5:Play()
        wait(2)
        Tw6:Play()
        wait(3)
        Tw7:Play()
        wait(1)
        Tw8:Play()
        wait(3)
        Tw9:Play()
        wait(3)
        Tw10:Play()
        Notification.new("success", "Notification", "Success!!!", true , 3)
    end)
end)

AutoFarm:NewButton("Auto Run In Senkaimon", "Not Auto All", function()
    pcall(function()
        local Tw = TweenService:Create(HumanoidRootPart, TweenInfo.new(3, Enum.EasingStyle.Linear, Enum.EasingDirection.InOut, 0, false, 0), {CFrame = CFrame.new(5839.04199, -20.5, 2848.83813, 0.99961549, -8.25480768e-08, 0.027729148, 8.40106011e-08, 1, -5.15781835e-08, -0.027729148, 5.38878915e-08, 0.99961549)})
        local Tw2 = TweenService:Create(HumanoidRootPart, TweenInfo.new(3, Enum.EasingStyle.Linear, Enum.EasingDirection.InOut, 0, false, 0), {CFrame = CFrame.new(5839.2168, -20.5000038, 2831.2583, 0.999796629, 5.35951408e-08, 0.0201668292, -5.29640936e-08, 1, -3.18254401e-08, -0.0201668292, 3.07508472e-08, 0.999796629)})
        local Tw3 = TweenService:Create(HumanoidRootPart, TweenInfo.new(3, Enum.EasingStyle.Linear, Enum.EasingDirection.InOut, 0, false, 0), {CFrame = CFrame.new(5675.73438, -20.5, 2748.9751, -0.0195927639, 3.10148494e-08, 0.999808073, 8.14329049e-09, 1, -3.08612229e-08, -0.999808073, 7.53707052e-09, -0.0195927639)})
        local Tw4 = TweenService:Create(HumanoidRootPart, TweenInfo.new(3, Enum.EasingStyle.Linear, Enum.EasingDirection.InOut, 0, false, 0), {CFrame = CFrame.new(5547.59619, -20.5000076, 2851.90796, -0.999341369, -1.55441859e-09, 0.0362889357, -3.6423029e-09, 1, -5.74689025e-08, -0.0362889357, -5.75632235e-08, -0.999341369)})
        local Tw5 = TweenService:Create(HumanoidRootPart, TweenInfo.new(3, Enum.EasingStyle.Linear, Enum.EasingDirection.InOut, 0, false, 0), {CFrame = CFrame.new(5562.21631, -20.5000076, 3029.85229, -0.999971688, 1.23424826e-07, 0.00752679165, 1.23642096e-07, 1, 2.84006791e-08, -0.00752679165, 2.93305025e-08, -0.999971688)})
        local Tw6 = TweenService:Create(HumanoidRootPart, TweenInfo.new(3, Enum.EasingStyle.Linear, Enum.EasingDirection.InOut, 0, false, 0), {CFrame = CFrame.new(5671.38916, -20.5000038, 3036.0481, -0.00743863313, 1.04424416e-07, -0.999972343, -1.05891944e-08, 1, 1.04506078e-07, 0.999972343, 1.13662839e-08, -0.00743863313)})
        local Tw7 = TweenService:Create(HumanoidRootPart, TweenInfo.new(3, Enum.EasingStyle.Linear, Enum.EasingDirection.InOut, 0, false, 0), {CFrame = CFrame.new(5733.354, -20.5000076, 3197.0957, 0.0876132846, -7.39989403e-08, -0.996154547, 8.07849645e-08, 1, -6.71794353e-08, 0.996154547, -7.4588506e-08, 0.0876132846)})
        local Tw8 = TweenService:Create(HumanoidRootPart, TweenInfo.new(3, Enum.EasingStyle.Linear, Enum.EasingDirection.InOut, 0, false, 0), {CFrame = CFrame.new(5849.46729, -20.5, 3099.12891, 0.999937057, 3.79951466e-08, 0.0112192826, -3.82133578e-08, 1, 1.92354488e-08, -0.0112192826, -1.96629646e-08, 0.999937057)})
        local Tw9 = TweenService:Create(HumanoidRootPart, TweenInfo.new(3, Enum.EasingStyle.Linear, Enum.EasingDirection.InOut, 0, false, 0), {CFrame = CFrame.new(5870.48682, -20.5000038, 2987.37061, 0.999846458, -2.2171708e-08, 0.0175229646, 2.17854819e-08, 1, 2.22320082e-08, -0.0175229646, -2.18468497e-08, 0.999846458)})
        local Tw10 = TweenService:Create(HumanoidRootPart, TweenInfo.new(3, Enum.EasingStyle.Linear, Enum.EasingDirection.InOut, 0, false, 0), {CFrame = CFrame.new(5995.54834, -20.5000038, 2892.17383, 0.998578906, -1.31785676e-08, 0.0532930307, 9.1707264e-09, 1, 7.54483978e-08, -0.0532930307, -7.48524442e-08, 0.998578906)})
        local Tw11 = TweenService:Create(HumanoidRootPart, TweenInfo.new(3, Enum.EasingStyle.Linear, Enum.EasingDirection.InOut, 0, false, 0), {CFrame = CFrame.new(5839.2168, -20.5000038, 2831.2583, 0.999796629, 5.35951408e-08, 0.0201668292, -5.29640936e-08, 1, -3.18254401e-08, -0.0201668292, 3.07508472e-08, 0.999796629)})
        Tw:Play()
        wait(3)
        for i,v in pairs(game.workspace.Purchases.GYM:GetChildren()) do
            if v.Name == "Roadwork Training" then
                fireclickdetector(v.ClickDetector)
            end
        end
        equipitem("Roadwork Training")
        VirtualUser:Button1Down(Vector2.new(981, 488))
        wait(5)
        Tw:Play()
        wait(3)
        Tw2:Play()
        wait(4)
        Tw3:Play()
        wait(4)
        Tw4:Play()
        wait(4)
        Tw5:Play()
        wait(4)
        Tw6:Play()
        wait(4)
        Tw7:Play()
        wait(4)
        Tw8:Play()
        wait(4)
        Tw9:Play()
        wait(4)
        Tw10:Play()
        wait(4)
        Tw11:Play()
        wait(3)
        Notification.new("success", "Notification", "Success!!!", true , 3)
    end)
end)

AutoFarm:NewButton("Auto Clean", "Fully Auto", function()
    _G.BClean = true
    while _G.BClean do wait(1)
        pcall(function()
            if game:GetService("Players").LocalPlayer.PlayerGui.Main.LabelJob.Text == "" then
                Notification.new("info", "Notification", "Get Job.", true , 3)
                wait(.5)
                Get:changeBody("Get Job..")
                wait(.5)
                Get:changeBody("Get Job...")
                wait(.5)
                Get:changeBody("Get Job.")
                wait(.5)
                Get:changeBody("Get Job..")
                wait(.5)
                Get:changeBody("Get Job...")
                wait(.5)
                local args = {
                [1] = "Job"
                }
                game:GetService("ReplicatedStorage").Events.EventCore:FireServer(unpack(args))
            end

            if game:GetService("Players").LocalPlayer.PlayerGui.Main.LabelJob.Text == "Clean the floors!" then
                Notification.new("success", "Notification", "Success!!!", true, 3)
                CT:Disable()
                local Tw1 = TweenService:Create(HumanoidRootPart, TweenInfo.new(10, Enum.EasingStyle.Linear, Enum.EasingDirection.InOut, 0, false, 0), {CFrame = CFrame.new(-1715.58521, 4.12662554, -1586.85852, -0.0413668677, -3.96679596e-08, -0.999144018, -5.47444436e-08, 1, -3.74353988e-08, 0.999144018, 5.31489981e-08, -0.0413668677)})
                local Tw2 = TweenService:Create(HumanoidRootPart, TweenInfo.new(0.5, Enum.EasingStyle.Linear, Enum.EasingDirection.InOut, 0, false, 0), {CFrame = CFrame.new(-1720.72473, 4.12662458, -1593.4071, -0.100228146, -1.78955464e-08, -0.99496448, 7.48486926e-08, 1, -2.55260293e-08, 0.99496448, -7.70302151e-08, -0.100228146)})
                local Tw3 = TweenService:Create(HumanoidRootPart, TweenInfo.new(1, Enum.EasingStyle.Linear, Enum.EasingDirection.InOut, 0, false, 0), {CFrame = CFrame.new(-1716.89111, 4.12662745, -1608.74658, -0.00232439279, -3.48897018e-08, -0.999997318, 9.10893121e-08, 1, -3.51015252e-08, 0.999997318, -9.1170655e-08, -0.00232439279)})
                local Tw4 = TweenService:Create(HumanoidRootPart, TweenInfo.new(1, Enum.EasingStyle.Linear, Enum.EasingDirection.InOut, 0, false, 0), {CFrame = CFrame.new(-1731.56824, 4.12662172, -1624.4646, -0.27096352, -7.4981358e-08, -0.962589622, -5.64646747e-08, 1, -6.20009715e-08, 0.962589622, 3.75523115e-08, -0.27096352)})
                local Tw5 = TweenService:Create(HumanoidRootPart, TweenInfo.new(1, Enum.EasingStyle.Linear, Enum.EasingDirection.InOut, 0, false, 0), {CFrame = CFrame.new(-1742.65161, 4.12662888, -1604.37207, -0.00857968535, -9.46922629e-09, -0.999963164, -5.14645837e-09, 1, -9.42541778e-09, 0.999963164, 5.06540188e-09, -0.00857968535)})
                local Tw6 = TweenService:Create(HumanoidRootPart, TweenInfo.new(1, Enum.EasingStyle.Linear, Enum.EasingDirection.InOut, 0, false, 0), {CFrame = CFrame.new(-1762.04443, 4.12663412, -1595.16418, -0.129098654, 5.65224241e-08, -0.991631746, 4.83307403e-08, 1, 5.0707321e-08, 0.991631746, -4.13800514e-08, -0.129098654)})
                local Tw7 = TweenService:Create(HumanoidRootPart, TweenInfo.new(0.5, Enum.EasingStyle.Linear, Enum.EasingDirection.InOut, 0, false, 0), {CFrame = CFrame.new(-1758.63147, 4.12663412, -1576.76929, -0.0565072373, -1.52712865e-08, -0.998402178, 1.1656681e-08, 1, -1.59554663e-08, 0.998402178, -1.25396546e-08, -0.0565072373)})
                local Tw8 = TweenService:Create(HumanoidRootPart, TweenInfo.new(0.5, Enum.EasingStyle.Linear, Enum.EasingDirection.InOut, 0, false, 0), {CFrame = CFrame.new(-1739.92322, 4.12663078, -1585.7323, 0.211679071, -2.5104832e-08, -0.977339208, 5.50662307e-08, 1, -1.37602827e-08, 0.977339208, -5.09056228e-08, 0.211679071)})
                local Tw9 = TweenService:Create(HumanoidRootPart, TweenInfo.new(1, Enum.EasingStyle.Linear, Enum.EasingDirection.InOut, 0, false, 0), {CFrame = CFrame.new(-1727.11743, 4.12663126, -1576.79944, -0.0586111471, -6.83849777e-08, -0.998280883, -7.12253723e-08, 1, -6.43209503e-08, 0.998280883, 6.73330049e-08, -0.0586111471)})
                Tw1:Play()
                wait(10)
                fireclickdetector(game.Workspace.CleaningParts:FindFirstChild(Name)["2"].ClickDetector)
                wait(4)
                Tw2:Play()
                wait(1)
                fireclickdetector(game.Workspace.CleaningParts:FindFirstChild(Name)["9"].ClickDetector)
                wait(5)
                Tw3:Play()
                wait(1.5)
                fireclickdetector(game.Workspace.CleaningParts:FindFirstChild(Name)["3"].ClickDetector)
                wait(5)
                Tw4:Play()
                wait(1.5)
                fireclickdetector(game.Workspace.CleaningParts:FindFirstChild(Name)["5"].ClickDetector)
                wait(5)
                Tw5:Play()
                wait(1.5)
                fireclickdetector(game.Workspace.CleaningParts:FindFirstChild(Name)["4"].ClickDetector)
                wait(5)
                Tw6:Play()
                wait(1.5)
                fireclickdetector(game.Workspace.CleaningParts:FindFirstChild(Name)["1"].ClickDetector)
                wait(5)
                Tw7:Play()
                wait(1)
                fireclickdetector(game.Workspace.CleaningParts:FindFirstChild(Name)["7"].ClickDetector)
                wait(5)
                Tw8:Play()
                wait(1.5)
                fireclickdetector(game.Workspace.CleaningParts:FindFirstChild(Name)["8"].ClickDetector)
                wait(5)
                Tw9:Play()
                wait(1.5)
                fireclickdetector(game.Workspace.CleaningParts:FindFirstChild(Name)["6"].ClickDetector)
                wait(7)
                CT:Enable()
                _G.BClean = false
            else
                local args = {
                [1] = "Job"
                }
                game:GetService("ReplicatedStorage").Events.EventCore:FireServer(unpack(args))
                wait(5)
                local Cancel = Notification.new("error", "Notification", "Cancel TT")
                Cancel:deleteTimeout(3)
                local args1 = {
                    [1] = "CancelJob"
                }
                game:GetService("ReplicatedStorage").Events.EventCore:FireServer(unpack(args1))
            end
        end)
    end
end)

AutoFarm:NewButton("Auto Delivery", "Fully Auto", function()
_G.BClean = true
    while _G.BClean do wait(1)
        pcall(function()
            if game:GetService("Players").LocalPlayer.PlayerGui.Main.LabelJob.Text == "" then
                Notification.new("info", "Notification", "Get Job.", true, 3)
                local args = {
                [1] = "Job"
                }
                game:GetService("ReplicatedStorage").Events.EventCore:FireServer(unpack(args))
                wait(.5)
                Get:changeBody("Get Job..")
                wait(.5)
                Get:changeBody("Get Job...")
                wait(.5)
                Get:changeBody("Get Job.")
                wait(.5)
                Get:changeBody("Get Job..")
                wait(.5)
                Get:changeBody("Get Job...")
                wait(.5)
            end

            if game:GetService("Players").LocalPlayer.PlayerGui.Main.LabelJob.Text == "Deliver the crate!" then
                Notification.new("success", "Notification", "Success!!!", true, 3)
                CT:Disable()
                local Tw1 = TweenService:Create(HumanoidRootPart, TweenInfo.new(10, Enum.EasingStyle.Linear, Enum.EasingDirection.InOut, 0, false, 0), {CFrame = CFrame.new(-1709.2572, 4.05218554, -1573.61023, -0.801387548, 5.05635356e-08, -0.598145485, 2.53255372e-08, 1, 5.06030169e-08, 0.598145485, 2.54042707e-08, -0.801387548)})
                local Tw2 = TweenService:Create(HumanoidRootPart, TweenInfo.new(7.5, Enum.EasingStyle.Linear, Enum.EasingDirection.InOut, 0, false, 0), {CFrame = CFrame.new(-1428.85095, 3.99999905, -1414.49316, 0.0230026804, -7.12068058e-08, 0.999735415, 1.95005989e-09, 1, 7.11807786e-08, -0.999735415, 3.1219527e-10, 0.0230026804)})
                local Tw3 = TweenService:Create(HumanoidRootPart, TweenInfo.new(3, Enum.EasingStyle.Linear, Enum.EasingDirection.InOut, 0, false, 0), {CFrame = CFrame.new(-1266.38818, 4, -1490.72571, 0.956693292, -6.76176839e-08, -0.29109785, 4.36354561e-08, 1, -8.88771012e-08, 0.29109785, 7.2325939e-08, 0.956693292)})
                local Tw4 = TweenService:Create(HumanoidRootPart, TweenInfo.new(10, Enum.EasingStyle.Linear, Enum.EasingDirection.InOut, 0, false, 0), {CFrame = CFrame.new(-1956.29285, 4.05000067, -1648.20532, 0.0304275695, -1.08180709e-09, 0.999536991, 9.74812586e-09, 1, 7.85559062e-10, -0.999536991, 9.71970948e-09, 0.0304275695)})
                
                Tw1:Play()
                wait(10)
                Tw2:Play()
                wait(7.5)
                Tw3:Play()
                wait(3)
                Tw4:Play()
                wait(10)
                CT:Enable()
                Notification.new("success", "Notification", "Success!!!", true , 3)
                _G.BClean = false
            else
                local args = {
                [1] = "Job"
                }
                game:GetService("ReplicatedStorage").Events.EventCore:FireServer(unpack(args))
                wait(5)
                local Cancel = Notification.new("error", "Notification", "Cancel TT")
                Cancel:deleteTimeout(3)
                local args1 = {
                    [1] = "CancelJob"
                }
                game:GetService("ReplicatedStorage").Events.EventCore:FireServer(unpack(args1))
            end
        end)
    end
end)

----- Teleport -----
TP:NewButton("Gym", "", function()
    local Tw = TweenService:Create(HumanoidRootPart, TweenInfo.new(10, Enum.EasingStyle.Linear, Enum.EasingDirection.InOut, 0, false, 0), {CFrame = CFrame.new(-1946.00305, 3.99999905, -1648.48303, -0.00384854153, 4.68784158e-08, 0.999992609, 6.45444942e-08, 1, -4.66303582e-08, -0.999992609, 6.43645564e-08, -0.00384854153)})
    Tw:Play()
    local TPN = Notification.new("info", "Notification", "Teleporting.", true , 10)
    wait(.5)
    TPN:changeBody("Teleporting..")
    wait(.5)
    TPN:changeBody("Teleporting...")
    wait(.5)
    TPN:changeBody("Teleporting.")
    wait(.5)
    TPN:changeBody("Teleporting..")
    wait(.5)
    TPN:changeBody("Teleporting...")
    wait(.5)
    TPN:changeBody("Teleporting.")
    wait(.5)
    TPN:changeBody("Teleporting..")
    wait(.5)
    TPN:changeBody("Teleporting...")
    wait(.5)
    TPN:changeBody("Teleporting.")
    wait(.5)
    TPN:changeBody("Teleporting..")
    wait(.5)
    TPN:changeBody("Teleporting...")
    wait(.5)
    TPN:changeBody("Teleporting.")
    wait(.5)
    TPN:changeBody("Teleporting..")
    wait(.5)
    TPN:changeBody("Teleporting...")
    wait(.5)
    TPN:changeBody("Teleporting.")
    wait(.5)
    TPN:changeBody("Teleporting..")
    wait(.5)
    TPN:changeBody("Teleporting...")
    wait(.5)
    TPN:changeBody("Teleporting.")
    wait(.5)
    TPN:changeBody("Teleporting..")
    Notification.new("success", "Notification", "Success!!!", true , 3)
end)

TP:NewButton("GymRats", "", function()
    local Tw = TweenService:Create(HumanoidRootPart, TweenInfo.new(10, Enum.EasingStyle.Linear, Enum.EasingDirection.InOut, 0, false, 0), {CFrame = CFrame.new(-1626.46387, 3.99999952, -1689.40588, -0.660838008, 1.02057851e-09, -0.750528514, 4.51431559e-09, 1, -2.61502775e-09, 0.750528514, -5.11623233e-09, -0.660838008)})
    Tw:Play()
    local TPN = Notification.new("info", "Notification", "Teleporting.", true , 10)
    wait(.5)
    TPN:changeBody("Teleporting..")
    wait(.5)
    TPN:changeBody("Teleporting...")
    wait(.5)
    TPN:changeBody("Teleporting.")
    wait(.5)
    TPN:changeBody("Teleporting..")
    wait(.5)
    TPN:changeBody("Teleporting...")
    wait(.5)
    TPN:changeBody("Teleporting.")
    wait(.5)
    TPN:changeBody("Teleporting..")
    wait(.5)
    TPN:changeBody("Teleporting...")
    wait(.5)
    TPN:changeBody("Teleporting.")
    wait(.5)
    TPN:changeBody("Teleporting..")
    wait(.5)
    TPN:changeBody("Teleporting...")
    wait(.5)
    TPN:changeBody("Teleporting.")
    wait(.5)
    TPN:changeBody("Teleporting..")
    wait(.5)
    TPN:changeBody("Teleporting...")
    wait(.5)
    TPN:changeBody("Teleporting.")
    wait(.5)
    TPN:changeBody("Teleporting..")
    wait(.5)
    TPN:changeBody("Teleporting...")
    wait(.5)
    TPN:changeBody("Teleporting.")
    wait(.5)
    TPN:changeBody("Teleporting..")
    Notification.new("success", "Notification", "Success!!!", true , 3)
end)

TP:NewButton("Senkaimon", "", function()
    local Tw = TweenService:Create(HumanoidRootPart, TweenInfo.new(10, Enum.EasingStyle.Linear, Enum.EasingDirection.InOut, 0, false, 0), {CFrame = CFrame.new(-1747.18213, 4.39999866, -1682.74927, -0.999964416, 8.03205324e-09, 0.00843580998, 7.29318517e-09, 1, -8.76178348e-08, -0.00843580998, -8.75531896e-08, -0.999964416)})
    Tw:Play()
    local TPN = Notification.new("info", "Notification", "Teleporting.", true , 10)
    wait(.5)
    TPN:changeBody("Teleporting..")
    wait(.5)
    TPN:changeBody("Teleporting...")
    wait(.5)
    TPN:changeBody("Teleporting.")
    wait(.5)
    TPN:changeBody("Teleporting..")
    wait(.5)
    TPN:changeBody("Teleporting...")
    wait(.5)
    TPN:changeBody("Teleporting.")
    wait(.5)
    TPN:changeBody("Teleporting..")
    wait(.5)
    TPN:changeBody("Teleporting...")
    wait(.5)
    TPN:changeBody("Teleporting.")
    wait(.5)
    TPN:changeBody("Teleporting..")
    wait(.5)
    TPN:changeBody("Teleporting...")
    wait(.5)
    TPN:changeBody("Teleporting.")
    wait(.5)
    TPN:changeBody("Teleporting..")
    wait(.5)
    TPN:changeBody("Teleporting...")
    wait(.5)
    TPN:changeBody("Teleporting.")
    wait(.5)
    TPN:changeBody("Teleporting..")
    wait(.5)
    TPN:changeBody("Teleporting...")
    wait(.5)
    TPN:changeBody("Teleporting.")
    wait(.5)
    TPN:changeBody("Teleporting..")
    Notification.new("success", "Notification", "Success!!!", true , 3)
end)

TP:NewButton("Burger Queen", "", function()
    local Tw = TweenService:Create(HumanoidRootPart, TweenInfo.new(10, Enum.EasingStyle.Linear, Enum.EasingDirection.InOut, 0, false, 0), {CFrame = CFrame.new(-1698.70044, 4.03131104, -1562.81799, 0.682815194, 5.88607101e-08, 0.730591178, 1.47487169e-08, 1, -9.43501135e-08, -0.730591178, 7.51989688e-08, 0.682815194)})
    Tw:Play()
    local TPN = Notification.new("info", "Notification", "Teleporting.", true , 10)
